block sizes: 28, 128, 120
hash part support capacity load unique_home max_home mean_success_probe max_queue longest_cluster
current 000 4060 16384 0.247803 3465 5 2.292 32 174
avalanched 000 4060 16384 0.247803 3380 5 1.274 5 11
current 001 51968 262144 0.198242 34949 6 152.112 1380 2560
avalanched 001 51968 262144 0.198242 33387 8 1.639 8 21
current 002 48720 262144 0.185852 34049 6 152.149 1333 2354
avalanched 002 48720 262144 0.185852 32417 7 1.546 8 16
current 011 231168 1048576 0.220459 132638 8 2593.244 9827 44411
avalanched 011 231168 1048576 0.220459 126981 12 1.904 13 27
current 012 430080 2097152 0.205078 172362 9 12352.378 52766 107520
avalanched 012 430080 2097152 0.205078 165485 14 2.443 18 36
current 022 203280 1048576 0.193863 131593 7 2312.546 9759 69335
avalanched 022 203280 1048576 0.193863 125568 9 1.686 9 24
current 111 357760 2097152 0.170593 251504 8 3837.351 25864 75006
avalanched 111 357760 2097152 0.170593 236977 12 1.630 11 22
current 112 990720 4194304 0.236206 419328 12 92128.506 267966 730484
avalanched 112 990720 4194304 0.236206 399134 16 2.407 20 45
current 122 929280 4194304 0.221558 524755 7 43701.319 101883 389837
avalanched 122 929280 4194304 0.221558 493233 13 1.978 14 33
current 222 295240 2097152 0.140781 231806 6 5390.078 25746 92823
avalanched 222 295240 2097152 0.140781 219572 11 1.434 10 20
total support: 3542276
current support-weighted mean successful probes: 39874.346
avalanched support-weighted mean successful probes: 2.041
